MEDIDAS COLOPSCOPY

Datos AGGBLX

       Tasa Clase  Tasa Reduccion  Función Objetivo     Tiempo
1       76.271186       77.419355         76.845271  56.677153
2       75.438596       77.419355         76.428976  57.944418
3       66.666667       77.419355         72.043011  52.957696
4       82.456140       72.580645         77.518393  53.873000
5       66.666667       72.580645         69.623656  55.871731
Media   73.499851       75.483871         74.491861  55.464800

Datos AGGAritmetico

       Tasa Clase  Tasa Reduccion  Función Objetivo     Tiempo
1       69.491525       67.741935         68.616730  57.390798
2       73.684211       58.064516         65.874363  66.296775
3       73.684211       70.967742         72.325976  50.793809
4       77.192982       77.419355         77.306169  49.775641
5       75.438596       59.677419         67.558008  71.075409
Media   73.898305       66.774194         70.336249  59.066486

Datos AGEblx

       Tasa Clase  Tasa Reduccion  Función Objetivo     Tiempo
1       72.881356       72.580645         72.731001  52.670276
2       68.421053       72.580645         70.500849  53.796991
3       66.666667       75.806452         71.236559  46.598082
4       77.192982       74.193548         75.693265  44.411892
5       77.192982       72.580645         74.886814  46.036882
Media   72.471008       73.548387         73.009698  48.702824

Datos AGEAritmetico

       Tasa Clase  Tasa Reduccion  Función Objetivo     Tiempo
1       72.881356       75.806452         74.343904  40.163140
2       61.403509       69.354839         65.379174  44.984252
3       70.175439       70.967742         70.571590  43.435442
4       75.438596       70.967742         73.203169  47.048778
5       75.438596       61.290323         68.364460  59.709265
Media   71.067499       69.677419         70.372459  47.068175

Datos AM-(10,1.0)

       Tasa Clase  Tasa Reduccion  Función Objetivo     Tiempo
1       61.016949       83.870968         72.443958  33.297806
2       64.912281       83.870968         74.391624  40.168887
3       64.912281       90.322581         77.617431  32.831616
4       80.701754       82.258065         81.479909  40.818887
5       75.438596       82.258065         78.848331  42.736930
Media   69.396372       84.516129         76.956251  37.970825

Datos AM-(10,0.1)

       Tasa Clase  Tasa Reduccion  Función Objetivo     Tiempo
1       71.186441       82.258065         76.722253  33.774460
2       70.175439       87.096774         78.636106  35.528398
3       68.421053       83.870968         76.146010  35.240408
4       73.684211       85.483871         79.584041  32.739552
5       75.438596       77.419355         76.428976  44.252095
Media   71.781148       83.225806         77.503477  36.306983

Datos AM-(10,0.1mej)

       Tasa Clase  Tasa Reduccion  Función Objetivo     Tiempo
1       74.576271       90.322581         82.449426  35.544356
2       71.929825       88.709677         80.319751  35.522009
3       71.929825       83.870968         77.900396  36.767849
4       71.929825       80.645161         76.287493  39.504997
5       73.684211       88.709677         81.196944  34.838996
Media   72.809991       86.451613         79.630802  36.435641
------------------------
MEDIDAS IONOSPHERE

Datos AGGBLX

       Tasa Clase  Tasa Reduccion  Función Objetivo     Tiempo
1       80.281690       91.176471         85.729080  29.408712
2       90.000000       88.235294         89.117647  31.042309
3       81.428571       85.294118         83.361345  29.151164
4       77.142857       88.235294         82.689076  27.314723
5       80.000000       82.352941         81.176471  32.161978
Media   81.770624       87.058824         84.414724  29.815777

Datos AGGAritmetico

       Tasa Clase  Tasa Reduccion  Función Objetivo     Tiempo
1       91.549296       79.411765         85.480530  40.272844
2       81.428571       70.588235         76.008403  38.088341
3       90.000000       88.235294         89.117647  29.812059
4       80.000000       79.411765         79.705882  35.307245
5       78.571429       91.176471         84.873950  29.747278
Media   84.309859       81.764706         83.037283  34.645553

Datos AGEblx

       Tasa Clase  Tasa Reduccion  Función Objetivo     Tiempo
1       91.549296       82.352941         86.951118  36.263677
2       82.857143       88.235294         85.546218  24.212152
3       81.428571       79.411765         80.420168  29.565676
4       80.000000       76.470588         78.235294  33.335469
5       75.714286       73.529412         74.621849  35.054998
Media   82.309859       80.000000         81.154930  31.686395

Datos AGEAritmetico

       Tasa Clase  Tasa Reduccion  Función Objetivo     Tiempo
1       78.873239       76.470588         77.671914  35.155835
2       91.428571       82.352941         86.890756  32.724029
3       81.428571       58.823529         70.126050  42.669562
4       91.428571       82.352941         86.890756  27.526222
5       85.714286       85.294118         85.504202  33.108226
Media   85.774648       77.058824         81.416736  34.236775

Datos AM-(10,1.0)

       Tasa Clase  Tasa Reduccion  Función Objetivo     Tiempo
1       85.915493       88.235294         87.075394  24.385558
2       88.571429       91.176471         89.873950  23.526147
3       84.285714       94.117647         89.201681  23.912363
4       74.285714       91.176471         82.731092  22.045753
5       85.714286       91.176471         88.445378  23.177255
Media   83.754527       91.176471         87.465499  23.409415

Datos AM-(10,0.1)

       Tasa Clase  Tasa Reduccion  Función Objetivo     Tiempo
1       77.464789       91.176471         84.320630  23.043429
2       81.428571       88.235294         84.831933  23.459857
3       94.285714       88.235294         91.260504  24.363621
4       90.000000       91.176471         90.588235  23.114758
5       84.285714       91.176471         87.731092  22.489184
Media   85.492958       90.000000         87.746479  23.294170

Datos AM-(10,0.1mej)

       Tasa Clase  Tasa Reduccion  Función Objetivo     Tiempo
1       83.098592       91.176471         87.137531  23.764648
2       84.285714       91.176471         87.731092  22.339264
3       81.428571       91.176471         86.302521  22.201235
4       87.142857       91.176471         89.159664  21.186635
5       88.571429       91.176471         89.873950  23.535160
Media   84.905433       91.176471         88.040952  22.605389
------------------------
MEDIDAS TEXTURE

Datos AGGBLX

       Tasa Clase  Tasa Reduccion  Función Objetivo     Tiempo
1       84.545455            80.0         82.272727  56.688067
2       76.363636            82.5         79.431818  50.519913
3       77.272727            85.0         81.136364  48.482121
4       76.363636            85.0         80.681818  47.746022
5       74.545455            85.0         79.772727  50.884626
Media   77.818182            83.5         80.659091  50.864150

Datos AGGAritmetico

       Tasa Clase  Tasa Reduccion  Función Objetivo     Tiempo
1       77.272727            80.0         78.636364  61.763285
2       76.363636            80.0         78.181818  63.035651
3       81.818182            77.5         79.659091  61.382991
4       77.272727            82.5         79.886364  53.693641
5       79.090909            70.0         74.545455  66.348638
Media   78.363636            78.0         78.181818  61.244841

Datos AGEblx

       Tasa Clase  Tasa Reduccion  Función Objetivo     Tiempo
1       84.545455            75.0         79.772727  55.611713
2       73.636364            85.0         79.318182  46.465109
3       84.545455            80.0         82.272727  51.691587
4       75.454545            82.5         78.977273  52.481007
5       75.454545            80.0         77.727273  50.268144
Media   78.727273            80.5         79.613636  51.303512

Datos AGEAritmetico

       Tasa Clase  Tasa Reduccion  Función Objetivo     Tiempo
1       81.818182            77.5         79.659091  69.881392
2       74.545455            75.0         74.772727  70.895288
3       81.818182            80.0         80.909091  63.241759
4       80.909091            77.5         79.204545  69.185302
5       76.363636            80.0         78.181818  58.254199
Media   79.090909            78.0         78.545455  66.291588

Datos AM-(10,1.0)

       Tasa Clase  Tasa Reduccion  Función Objetivo     Tiempo
1       79.090909            87.5         83.295455  40.413215
2       79.090909            87.5         83.295455  40.166706
3       81.818182            82.5         82.159091  46.358327
4       77.272727            85.0         81.136364  45.962636
5       76.363636            85.0         80.681818  42.375047
Media   78.727273            85.5         82.113636  43.055186

Datos AM-(10,0.1)

       Tasa Clase  Tasa Reduccion  Función Objetivo     Tiempo
1       79.090909            87.5         83.295455  50.215076
2       77.272727            87.5         82.386364  52.025626
3       83.636364            85.0         84.318182  50.746415
4       76.363636            87.5         81.931818  47.455289
5       73.636364            87.5         80.568182  47.849892
Media   78.000000            87.0         82.500000  49.658460

Datos AM-(10,0.1mej)

       Tasa Clase  Tasa Reduccion  Función Objetivo     Tiempo
1       78.181818            85.0         81.590909  52.120667
2       77.272727            85.0         81.136364  50.196186
3       85.454545            82.5         83.977273  49.157251
4       78.181818            85.0         81.590909  49.686803
5       76.363636            82.5         79.431818  51.460814
Media   79.090909            84.0         81.545455  50.524344
