------------------------
MEDIDAS COLOPSCOPY

Datos RELIEF

       Tasa Clase  Tasa Reduccion  Función Objetivo    Tiempo
1       67.796610       59.677419         63.737015  0.592309
2       70.175439       30.645161         50.410300  0.053658
3       63.157895       43.548387         53.353141  0.051919
4       64.912281       19.354839         42.133560  0.055273
5       66.666667       41.935484         54.301075  0.071065
Media   66.541778       39.032258         52.787018  0.164845

Datos 1-NN

       Tasa Clase  Tasa Reduccion  Función Objetivo    Tiempo
1       67.796610             0.0         33.898305  0.027347
2       77.192982             0.0         38.596491  0.034935
3       63.157895             0.0         31.578947  0.024919
4       80.701754             0.0         40.350877  0.029175
5       78.947368             0.0         39.473684  0.026897
Media   73.559322             0.0         36.779661  0.028655

Datos BL

       Tasa Clase  Tasa Reduccion  Función Objetivo     Tiempo
1       72.881356       80.645161         76.763259   3.865621
2       77.192982       79.032258         78.112620   3.629750
3       71.929825       75.806452         73.868138   4.932757
4       68.421053       70.967742         69.694397   7.055729
5       68.421053       87.096774         77.758913  15.476370
Media   71.769254       78.709677         75.239466   6.992045
------------------------
MEDIDAS IONOSPHERE

Datos RELIEF

       Tasa Clase  Tasa Reduccion  Función Objetivo    Tiempo
1       77.464789        2.941176         40.202983  0.099389
2       84.285714        2.941176         43.613445  0.077157
3       84.285714        2.941176         43.613445  0.077654
4       80.000000        2.941176         41.470588  0.077055
5       82.857143        2.941176         42.899160  0.078496
Media   81.778672        2.941176         42.359924  0.081950

Datos 1-NN

       Tasa Clase  Tasa Reduccion  Función Objetivo    Tiempo
1       84.507042             0.0         42.253521  0.037891
2       84.285714             0.0         42.142857  0.033168
3       91.428571             0.0         45.714286  0.030927
4       85.714286             0.0         42.857143  0.032821
5       90.000000             0.0         45.000000  0.031375
Media   87.187123             0.0         43.593561  0.033237

Datos BL

       Tasa Clase  Tasa Reduccion  Función Objetivo    Tiempo
1       81.690141       91.176471         86.433306  2.597900
2       87.142857       85.294118         86.218487  2.127955
3       82.857143       82.352941         82.605042  3.453716
4       80.000000       91.176471         85.588235  1.764488
5       84.285714       88.235294         86.260504  2.316528
Media   83.195171       87.647059         85.421115  2.452118
------------------------
MEDIDAS TEXTURE

Datos RELIEF

       Tasa Clase  Tasa Reduccion  Función Objetivo    Tiempo
1       84.545455             5.0         44.772727  0.228455
2       83.636364             7.5         45.568182  0.204932
3       82.727273             2.5         42.613636  0.182667
4       86.363636             5.0         45.681818  0.185390
5       91.818182             5.0         48.409091  0.182054
Media   85.818182             5.0         45.409091  0.196699

Datos 1-NN

       Tasa Clase  Tasa Reduccion  Función Objetivo    Tiempo
1       93.636364             0.0         46.818182  0.051346
2       90.909091             0.0         45.454545  0.050906
3       92.727273             0.0         46.363636  0.050148
4       93.636364             0.0         46.818182  0.048505
5       92.727273             0.0         46.363636  0.051829
Media   92.727273             0.0         46.363636  0.050547

Datos BL

       Tasa Clase  Tasa Reduccion  Función Objetivo    Tiempo
1       85.454545            85.0         85.227273  2.905755
2       80.909091            85.0         82.954545  5.444470
3       79.090909            80.0         79.545455  4.427295
4       79.090909            80.0         79.545455  2.453718
5       84.545455            87.5         86.022727  3.046445
Media   81.818182            83.5         82.659091  3.655537
